# t0=0.000000 t1=6000.000000 engine_dt=60.000000 steps=100 dt=60.000000 boundary_var=boundary_discharge stage_var=s1
# columns: step current_time stage0
0 60.000000 1.000000
1 120.000000 1.000000
2 180.000000 1.000000
3 240.000000 1.000000
4 300.000000 1.000000
5 360.000000 1.000000
6 420.000000 1.000000
7 480.000000 1.000000
8 540.000000 1.000000
9 600.000000 1.000000
10 660.000000 1.000000
11 720.000000 1.000000
12 780.000000 1.000000
13 840.000000 1.000000
14 900.000000 1.000000
15 960.000000 1.000000
16 1020.000000 1.000000
17 1080.000000 1.000000
18 1140.000000 1.000000
19 1200.000000 1.000000
20 1260.000000 1.000000
21 1320.000000 1.000000
22 1380.000000 1.000000
23 1440.000000 1.000000
24 1500.000000 1.000000
25 1560.000000 1.000000
26 1620.000000 1.000000
27 1680.000000 1.000000
28 1740.000000 1.000000
29 1800.000000 1.000000
30 1860.000000 1.000000
31 1920.000000 1.000000
32 1980.000000 1.000000
33 2040.000000 1.000000
34 2100.000000 1.000000
35 2160.000000 1.000000
36 2220.000000 1.000000
37 2280.000000 1.000000
38 2340.000000 1.000000
39 2400.000000 1.000000
40 2460.000000 1.000000
41 2520.000000 1.000000
42 2580.000000 1.000000
43 2640.000000 1.000000
44 2700.000000 1.000000
45 2760.000000 1.000000
46 2820.000000 1.000000
47 2880.000000 1.000000
48 2940.000000 1.000000
49 3000.000000 1.000000
50 3060.000000 1.000000
51 3120.000000 1.000000
52 3180.000000 1.000000
53 3240.000000 1.000000
54 3300.000000 1.000000
55 3360.000000 1.000000
56 3420.000000 1.000000
57 3480.000000 1.000000
58 3540.000000 1.000000
59 3600.000000 1.000000
60 3660.000000 1.000000
61 3720.000000 1.000000
62 3780.000000 1.000000
63 3840.000000 1.000000
64 3900.000000 1.000000
65 3960.000000 1.000000
66 4020.000000 1.000000
67 4080.000000 1.000000
68 4140.000000 1.000000
69 4200.000000 1.000000
70 4260.000000 1.000000
71 4320.000000 1.000000
72 4380.000000 1.000000
73 4440.000000 1.000000
74 4500.000000 1.000000
75 4560.000000 1.000000
76 4620.000000 1.000000
77 4680.000000 1.000000
78 4740.000000 1.000000
79 4800.000000 1.000000
80 4860.000000 1.000000
81 4920.000000 1.000000
82 4980.000000 1.000000
83 5040.000000 1.000000
84 5100.000000 1.000000
85 5160.000000 1.000000
86 5220.000000 1.000000
87 5280.000000 1.000000
88 5340.000000 1.000000
89 5400.000000 1.000000
90 5460.000000 1.000000
91 5520.000000 1.000000
92 5580.000000 1.000000
93 5640.000000 1.000000
94 5700.000000 1.000000
95 5760.000000 1.000000
96 5820.000000 1.000000
97 5880.000000 1.000000
98 5940.000000 1.000000
99 6000.000000 1.000000
# summary completed_steps=100 requested_steps=100 last_time=6000.000000 expected_last_time=6000.000000 max_dt_abs_error=0 time_trace_valid=true
