# t0=0.000000 t1=345600.000000 engine_dt=60.000000 steps=100 dt=60.000000 boundary_var=boundary_discharge stage_var=s1
# columns: step current_time stage0
0 60.000000 10.000000
1 120.000000 10.000000
2 180.000000 10.000001
3 240.000000 10.000012
4 300.000000 10.000077
5 360.000000 10.000365
6 420.000000 10.001338
7 480.000000 10.003836
8 540.000000 10.008564
9 600.000000 10.014412
10 660.000000 10.016344
11 720.000000 10.006135
12 780.000000 9.979693
13 840.000000 9.947389
14 900.000000 9.933533
15 960.000000 9.956529
16 1020.000000 10.003508
17 1080.000000 10.030631
18 1140.000000 10.002171
19 1200.000000 9.934671
20 1260.000000 9.888733
21 1320.000000 9.905569
22 1380.000000 9.962026
23 1440.000000 9.998241
24 1500.000000 9.984341
25 1560.000000 9.944947
26 1620.000000 9.918562
27 1680.000000 9.915729
28 1740.000000 9.922901
29 1800.000000 9.927400
30 1860.000000 9.928118
31 1920.000000 9.929826
32 1980.000000 9.934704
33 2040.000000 9.938916
34 2100.000000 9.935028
35 2160.000000 9.920219
36 2220.000000 9.902863
37 2280.000000 9.895860
38 2340.000000 9.902868
39 2400.000000 9.914424
40 2460.000000 9.917411
41 2520.000000 9.906862
42 2580.000000 9.889579
43 2640.000000 9.877225
44 2700.000000 9.875310
45 2760.000000 9.879020
46 2820.000000 9.880129
47 2880.000000 9.876493
48 2940.000000 9.872826
49 3000.000000 9.873422
50 3060.000000 9.877442
51 3120.000000 9.881493
52 3180.000000 9.883977
53 3240.000000 9.885695
54 3300.000000 9.888113
55 3360.000000 9.892326
56 3420.000000 9.898387
57 3480.000000 9.904687
58 3540.000000 9.908833
59 3600.000000 9.909824
60 3660.000000 9.909072
61 3720.000000 9.909080
62 3780.000000 9.911257
63 3840.000000 9.914966
64 3900.000000 9.918486
65 3960.000000 9.920707
66 4020.000000 9.921808
67 4080.000000 9.922438
68 4140.000000 9.922700
69 4200.000000 9.922196
70 4260.000000 9.920817
71 4320.000000 9.919058
72 4380.000000 9.917547
73 4440.000000 9.916547
74 4500.000000 9.915959
75 4560.000000 9.915615
76 4620.000000 9.915524
77 4680.000000 9.915962
78 4740.000000 9.917299
79 4800.000000 9.919590
80 4860.000000 9.922337
81 4920.000000 9.924768
82 4980.000000 9.926425
83 5040.000000 9.927456
84 5100.000000 9.928436
85 5160.000000 9.929975
86 5220.000000 9.932366
87 5280.000000 9.935363
88 5340.000000 9.938215
89 5400.000000 9.940075
90 5460.000000 9.940606
91 5520.000000 9.940287
92 5580.000000 9.940079
93 5640.000000 9.940677
94 5700.000000 9.941994
95 5760.000000 9.943302
96 5820.000000 9.943804
97 5880.000000 9.943090
98 5940.000000 9.941192
99 6000.000000 9.938400
# summary completed_steps=100 requested_steps=100 last_time=6000.000000 expected_last_time=6000.000000 max_dt_abs_error=0 time_trace_valid=true
